202001	Marks		Shenzhen		male	166.0,77.0	100.0	84.0	71.0	91.0	6.0	7.0	6.0	8.0	2
202002	Wayne		Shenzhen		female	159.0,77.0	78.0	89.0	59.0	93.0	10.0	6.0	5.0	9.0	3
202003	Bonnie		Guangzhou		female	157.0,80.0	81.0	81.0	54.0	91.0	9.0	6.0	7.0	8.0	3
202004	Grace		Guangzhou		male	168.0,82.0	62.0	81.0	61.0	89.0	9.0	7.0	8.0	5.0	2
202005	Hayden		Shanghai		male	168.0,85.0	82.0	91.0	60.0	92.0	9.0	10.0	9.0	8.0	4
202006	Chelsea		Guangzhou		female	163.0,79.0	74.0	82.0	74.0	89.0	10.0	10.0	8.0	9.0	2
202007	Dylan		Shenzhen		female	154.0,83.0	76.0	85.0	75.0	93.0	7.0	7.0	10.0	9.0	2
202011	Franklin		Guangzhou		male	161.0,83.0	79.0	75.0	78.0	92.0	7.0	6.0	7.0	7.0	3
202012	Phyllis		Shenzhen		female	161.0,80.0	79.0	91.0	59.0	93.0	10.0	9.0	8.0	9.0	2
202013	Donald		Beijing		male	163.0,82.0	73.0	83.0	70.0	89.0	10.0	6.0	10.0	4.0	2
202015	Josephine		Shanghai		male	175.0,77.0	70.0	86.0	86.0	89.0	10.0	9.0	8.0	7.0	4
202016	Rebecca		Guangzhou		female	160.0,81.0	79.0	85.0	59.0	86.0	10.0	10.0	8.0	8.0	2
202017	Dolores		Shanghai		male	168.0,82.0	86.0	86.0	75.0	87.0	9.0	5.0	10.0	9.0	2
202018	Sierra		Shanghai		male	161.0,77.0	93.0	79.0	79.0	89.0	5.0	8.0	10.0	10.0	3
202019	Stanley		Guangzhou		female	163.0,83.0	83.0	89.0	70.0	89.0	8.0	6.0	6.0	6.0	1
202020	Hank		Beijing		male	177.0,75.0	60.0	87.0	66.0	88.0	9.0	6.0	10.0	5.0	2
202021	Adelaide		Beijing		female	147.0,83.0	82.0	87.0	71.0	89.0	5.0	10.0	10.0	7.0	3
202022	Megan		Shenzhen		female	160.0,76.0	78.0	87.0	68.0	86.0	7.0	10.0	10.0	6.0	2
202023	Duke		Shanghai		male	167.0,75.0	66.0	86.0	71.0	90.0	6.0	6.0	10.0	8.0	1
202024	Teresa		Shenzhen		male	163.0,79.0	59.0	83.0	69.0	93.0	7.0	10.0	9.0	6.0	2
202025	Victoria		Shenzhen		female	153.0,81.0	84.0	91.0	63.0	91.0	9.0	8.0	9.0	8.0	2
202026	Donna		Shenzhen		male	166.0,74.0	84.0	85.0	69.0	91.0	5.0	6.0	10.0	5.0	3
202027	Angelina		Beijing		male	164.0,79.0	54.0	86.0	70.0	89.0	5.0	8.0	10.0	9.0	3
202028	Jeffery		Shanghai		male	171.0,81.0	81.0	88.0	65.0	89.0	6.0	8.0	6.0	4.0	3
202029	June		Shenzhen		male	166.0,81.0	67.0	87.0	75.0	92.0	7.0	8.0	8.0	7.0	2
202030	Mary		Shenzhen		female	154.0,90.0	91.0	90.0	77.0	91.0	10.0	7.0	7.0	6.0	2
202031	Editha		Guangzhou		female	160.0,86.0	88.0	83.0	72.0	92.0	8.0	10.0	7.0	5.0	3
202033	Pamela		Shanghai		male	167.0,84.0	74.0	84.0	66.0	93.0	10.0	5.0	7.0	6.0	2
202034	Selina		Shanghai		female	161.0,81.0	91.0	81.0	68.0	91.0	9.0	9.0	9.0	9.0	3
202036	Mickey		Guangzhou		female	152.0,83.0	83.0	86.0	55.0	91.0	7.0	9.0	10.0	7.0	2
202037	Christian		Guangzhou		female	169.0,74.0	75.0	86.0	60.0	91.0	7.0	8.0	6.0	10.0	4
202038	Leopold		Beijing		male	170.0,85.0	82.0	90.0	62.0	91.0	9.0	8.0	8.0	6.0	3
202039	Claudia		Shanghai		female	165.0,77.0	79.0	84.0	85.0	89.0	9.0	7.0	10.0	7.0	2
202040	Manda		Beijing		female	163.0,78.0	81.0	91.0	58.0	88.0	8.0	10.0	7.0	8.0	2
202041	Tiffany		Beijing		female	155.0,83.0	83.0	91.0	77.0	89.0	10.0	8.0	10.0	6.0	2
202042	Angelia		Shanghai		male	174.0,82.0	89.0	86.0	55.0	89.0	7.0	7.0	6.0	8.0	4
202043	Nikita		Shanghai		female	161.0,80.0	80.0	82.0	71.0	91.0	6.0	8.0	5.0	7.0	4
202045	Cosmo		Beijing		female	162.0,85.0	73.0	90.0	73.0	91.0	8.0	7.0	8.0	10.0	4
202046	Isaac		Shanghai		female	155.0,83.0	76.0	87.0	80.0	85.0	8.0	6.0	7.0	4.0	3
202047	Constance		Shanghai		male	167.0,77.0	76.0	89.0	63.0	90.0	10.0	6.0	6.0	6.0	4
202049	Lucy		Beijing		male	168.0,80.0	94.0	82.0	63.0	90.0	6.0	6.0	10.0	7.0	1
202050	Zelda		Shanghai		female	160.0,84.0	76.0	83.0	66.0	90.0	10.0	7.0	10.0	6.0	3
202051	Ethan		Beijing		male	165.0,78.0	86.0	88.0	65.0	93.0	5.0	10.0	8.0	6.0	2
202052	Sally		Guangzhou		male	177.0,81.0	93.0	83.0	69.0	88.0	9.0	8.0	6.0	8.0	3
202053	Joliet		Guangzhou		female	155.0,80.0	79.0	88.0	60.0	87.0	6.0	8.0	8.0	7.0	2
202054	John		Shenzhen		male	166.0,81.0	68.0	84.0	60.0	87.0	5.0	6.0	9.0	4.0	4
202056	Hugo		Guangzhou		male	165.0,80.0	73.0	89.0	76.0	91.0	6.0	10.0	9.0	6.0	3
202057	Amy		Beijing		female	164.0,84.0	79.0	89.0	56.0	90.0	8.0	10.0	9.0	9.0	2
202058	Martha		Guangzhou		male	162.0,76.0	82.0	78.0	75.0	91.0	10.0	6.0	10.0	8.0	3
202059	Nicholas		Guangzhou		male	163.0,80.0	74.0	86.0	74.0	89.0	8.0	8.0	10.0	8.0	4
202060	Todd		Guangzhou		male	172.0,76.0	80.0	84.0	66.0	87.0	7.0	9.0	9.0	10.0	3
202061	Marcy		Guangzhou		male	166.0,77.0	86.0	88.0	78.0	87.0	9.0	6.0	9.0	9.0	2
202062	Winnie		Beijing		male	171.0,81.0	84.0	86.0	70.0	90.0	6.0	7.0	10.0	8.0	2
202063	Adeline		Shenzhen		male	163.0,80.0	84.0	87.0	70.0	92.0	10.0	10.0	6.0	6.0	2
202064	Timothy		Beijing		male	169.0,83.0	87.0	86.0	77.0	94.0	9.0	6.0	10.0	7.0	3
202065	Olivia		Shenzhen		female	169.0,81.0	70.0	88.0	71.0	89.0	7.0	9.0	10.0	8.0	4
202066	Geoffrey		Shanghai		female	165.0,80.0	86.0	81.0	67.0	88.0	10.0	6.0	7.0	5.0	1
202067	Maxine		Beijing		male	166.0,86.0	79.0	83.0	77.0	90.0	6.0	6.0	10.0	6.0	3
202068	Lorraine		Shenzhen		male	162.0,85.0	80.0	73.0	69.0	89.0	10.0	5.0	10.0	7.0	3
202069	Eva		Shenzhen		female	155.0,72.0	92.0	84.0	66.0	92.0	9.0	7.0	10.0	6.0	2
202070	Tina		Beijing		male	173.0,74.0	91.0	80.0	78.0	85.0	9.0	7.0	9.0	10.0	2
202071	Phoebe		Shanghai		male	170.0,78.0	85.0	91.0	68.0	87.0	9.0	6.0	8.0	9.0	2
202072	Karida		Guangzhou		female	149.0,77.0	89.0	82.0	65.0	92.0	10.0	8.0	7.0	9.0	2
202073	Juliana		Guangzhou		female	151.0,83.0	71.0	80.0	66.0	87.0	10.0	10.0	6.0	6.0	3
202074	Charlotte		Beijing		female	160.0,75.0	78.0	81.0	69.0	92.0	9.0	5.0	10.0	5.0	3
202075	Demi		Shenzhen		female	164.0,84.0	67.0	82.0	74.0	92.0	9.0	7.0	5.0	7.0	2
202076	David		Guangzhou		male	165.0,79.0	84.0	86.0	72.0	93.0	10.0	8.0	9.0	8.0	3
202077	Melissa		Shenzhen		female	159.0,77.0	87.0	85.0	70.0	91.0	5.0	10.0	9.0	9.0	2
202078	Sheila		Beijing		female	161.0,79.0	68.0	82.0	83.0	92.0	10.0	6.0	6.0	10.0	3
202079	Henry		Shenzhen		male	176.0,81.0	88.0	76.0	88.0	92.0	9.0	9.0	9.0	9.0	2
202080	Ivy		Beijing		female	153.0,80.0	87.0	84.0	74.0	88.0	6.0	8.0	9.0	8.0	3
202081	Deborah		Shenzhen		male	165.0,76.0	95.0	84.0	65.0	93.0	10.0	6.0	6.0	6.0	3
202083	Susan		Shenzhen		male	163.0,79.0	69.0	87.0	43.0	89.0	7.0	7.0	9.0	10.0	2
202084	Ishara		Shenzhen		male	175.0,80.0	74.0	86.0	84.0	89.0	6.0	9.0	9.0	5.0	2
202085	lindsay		Beijing		female	155.0,76.0	63.0	83.0	56.0	89.0	6.0	10.0	8.0	5.0	2
202086	Noah		Guangzhou		female	159.0,82.0	90.0	88.0	73.0	87.0	8.0	9.0	10.0	5.0	3
202087	Dick		Guangzhou		male	174.0,83.0	84.0	81.0	65.0	88.0	5.0	10.0	10.0	10.0	1
202088	Marshal		Guangzhou		male	181.0,71.0	73.0	86.0	73.0	88.0	10.0	10.0	8.0	7.0	3
202089	Harrison		Shenzhen		male	164.0,82.0	94.0	84.0	78.0	92.0	7.0	7.0	10.0	9.0	2
202090	Vera		Beijing		male	172.0,74.0	84.0	76.0	84.0	91.0	10.0	6.0	7.0	8.0	3
202091	Monica		Shanghai		male	172.0,85.0	82.0	81.0	76.0	88.0	10.0	10.0	6.0	6.0	2
202092	Roy		Shanghai		female	161.0,77.0	87.0	87.0	72.0	89.0	7.0	10.0	7.0	8.0	1
202093	Owen		Beijing		female	156.0,76.0	94.0	96.0	72.0	92.0	6.0	6.0	8.0	4.0	2
202094	Glendon		Guangzhou		female	168.0,81.0	56.0	84.0	61.0	84.0	6.0	10.0	10.0	8.0	3
202095	Britney		Guangzhou		female	166.0,78.0	84.0	91.0	72.0	91.0	5.0	10.0	9.0	10.0	1
202096	Miranda		Shenzhen		male	172.0,72.0	77.0	78.0	77.0	91.0	9.0	10.0	10.0	6.0	3
202097	Andrew		Shanghai		male	168.0,76.0	71.0	83.0	75.0	93.0	10.0	7.0	10.0	4.0	1
202098	Elijah		Shenzhen		female	160.0,67.0	77.0	87.0	62.0	91.0	6.0	10.0	8.0	9.0	4
202099	Alexander		Beijing		male	169.0,88.0	77.0	83.0	75.0	88.0	7.0	6.0	9.0	8.0	4
202100	Octavia		Shenzhen		female	164.0,77.0	61.0	84.0	91.0	93.0	7.0	9.0	6.0	8.0	2
202101	Jonathan		Shanghai		male	163.0,80.0	78.0	91.0	64.0	88.0	9.0	8.0	7.0	5.0	4
202102	Violet		Shenzhen		female	163.0,76.0	78.0	93.0	78.0	92.0	10.0	9.0	10.0	10.0	3
202104	Mia		Guangzhou		female	163.0,85.0	78.0	76.0	68.0	91.0	10.0	7.0	6.0	10.0	2
202105	Frederica		Guangzhou		male	167.0,80.0	97.0	86.0	52.0	89.0	6.0	6.0	9.0	5.0	3
202106	Carry		Shenzhen		female	167.0,76.0	72.0	83.0	59.0	92.0	8.0	5.0	5.0	9.0	3
202107	Tamara		Shanghai		female	156.0,81.0	74.0	79.0	68.0	87.0	10.0	6.0	8.0	8.0	1
202108	Robert		Guangzhou		male	166.0,82.0	79.0	82.0	65.0	89.0	7.0	9.0	9.0	7.0	2
202109	Edmund		Shanghai		female	159.0,82.0	78.0	97.0	66.0	91.0	7.0	10.0	8.0	8.0	2
